--------Experiment-Begin------
        precision    recall  f1-score   support

           0     0.3190    0.0046    0.0090     92151
           1     0.7553    0.5926    0.6641    327893
           2     0.6777    0.5971    0.6348    273499
           3     0.8193    0.9988    0.9002   1331195
           4     0.0000    0.0000    0.0000      2107
           5     0.9944    0.9862    0.9903   1329087
           6     0.9005    0.9439    0.9217   1329087
           7     0.2242    0.8286    0.3529      2042
           8     0.0000    0.0000    0.0000      2042
           9     0.0000    0.0000    0.0000       172
          10     0.9989    0.9979    0.9984   1084158
          11     0.9955    0.3408    0.5078    443029
          12     0.8315    0.9811    0.9001   1082301
          13     0.0000    0.0000    0.0000      2042
          14     0.9437    0.9069    0.9249   1332955
          15     0.0000    0.0000    0.0000         2
          16     0.0000    0.0000    0.0000        10

    accuracy                         0.8986   8633772
   macro avg     0.4976    0.4811    0.4591   8633772
weighted avg     0.8981    0.8986    0.8857   8633772
-----Experiment-Begin------
        precision    recall  f1-score   support

           0     0.5190    0.1300    0.2079     92151
           1     0.6267    0.7170    0.6688    327893
           2     0.6938    0.6289    0.6598    273499
           3     0.8191    0.9989    0.9001   1331195
           4     0.0000    0.0000    0.0000      2107
           5     0.9943    0.9868    0.9905   1329087
           6     0.9027    0.9408    0.9213   1329087
           7     0.0000    0.0000    0.0000      2042
           8     0.0000    0.0000    0.0000      2042
           9     0.0000    0.0000    0.0000       172
          10     0.9987    0.9987    0.9987   1084158
          11     0.9949    0.3408    0.5077    443029
          12     0.8930    0.9328    0.9125   1082301
          13     0.0000    0.0000    0.0000      2042
          14     0.9369    0.9093    0.9229   1332955
          15     0.0000    0.0000    0.0000         2
          16     0.0000    0.0000    0.0000        10

    accuracy                         0.8995   8633772
   macro avg     0.4929    0.4461    0.4524   8633772
weighted avg     0.9027    0.8995    0.8899   8633772
--------Experiment-Begin------              precision    recall  f1-score   support

           0     0.4996    0.3469    0.4095     92151
           1     0.6129    0.7548    0.6765    327893
           2     0.8104    0.4517    0.5801    273499
           3     0.8191    0.9976    0.8996   1331195
           4     0.0000    0.0000    0.0000      2107
           5     0.9944    0.9865    0.9905   1329087
           6     0.9008    0.9434    0.9216   1329087
           7     0.0000    0.0000    0.0000      2042
           8     0.0000    0.0000    0.0000      2042
           9     0.0000    0.0000    0.0000       172
          10     0.9982    0.9994    0.9988   1084158
          11     0.9847    0.3409    0.5065    443029
          12     0.8740    0.9367    0.9043   1082301
          13     0.0000    0.0000    0.0000      2042
          14     0.9430    0.9075    0.9249   1332955
          15     0.0000    0.0000    0.0000         2
          16     0.0000    0.0000    0.0000        10

    accuracy                         0.8981   8633772
   macro avg     0.4963    0.4509    0.4595   8633772
weighted avg     0.9033    0.8981    0.8890   8633772

--------Experiment-Begin------
              precision    recall  f1-score   support

           0     0.5393    0.3217    0.4030     92151
           1     0.6517    0.7269    0.6873    327893
           2     0.7120    0.5382    0.6130    273499
           3     0.8194    0.9979    0.8999   1331195
           4     0.0000    0.0000    0.0000      2107
           5     0.9924    0.9873    0.9898   1329087
           6     0.9102    0.9316    0.9208   1329087
           7     0.0000    0.0000    0.0000      2042
           8     0.0000    0.0000    0.0000      2042
           9     0.0000    0.0000    0.0000       172
          10     0.9981    0.9995    0.9988   1084158
          11     0.9931    0.3409    0.5075    443029
          12     0.8773    0.9326    0.9041   1082301
          13     0.0000    0.0000    0.0000      2042
          14     0.9296    0.9167    0.9231   1332955
          15     0.0000    0.0000    0.0000         2
          16     0.0000    0.0000    0.0000        10

    accuracy                         0.8988   8633772
   macro avg     0.4955    0.4525    0.4616   8633772
weighted avg     0.9021    0.8988    0.8900   8633772

